522692223952228353	2	32
500270780832174080	2	8
531206167302012929	1	152
534409916560461825	0	122
727187859367546880	2	43
517416417164263424	1	61
687945926774800385	3	24
489802446001434625	0	13
778625026144792577	2	127
547807913671405568	0	290
516545908813475841	2	22
686493272806576128	3	191
692376812022792196	3	253
524933380929245184	1	55
538218607822770176	1	123
509473920060104704	1	41
705093513076015104	2	162
504243239084236800	1	148
407159686786732032	1	28
690985215691354112	3	193
533734824905670656	2	255
551106923601219585	1	4
510916647373516800	1	52
509478961705807872	1	41
692099058811453440	3	24
687673284436082689	3	155
655812191233417216	2	63
742050150307246080	2	133
533811170889568256	2	255
524930365400821761	1	55
517712193841037312	2	295
727179214546456577	2	43
553960736964476928	0	20
528562608463704064	1	79
495305620342714369	1	137
495365942726381568	0	9
504448356584677377	0	110
500278045597368320	2	8
500286058664579072	2	8
436001434212249600	2	25
532281981795848192	0	10
733242244522725376	2	118
535282587325833216	2	104
489975398151618560	0	13
693122701569974273	3	2
514535408126795776	0	101
500391222075076610	2	8
524586367456919552	1	51
693824042164436992	3	68
651858133304782848	3	247
535257207991205888	2	136
687956181646753792	3	103
504450741126582275	0	110
514395350615203841	1	39
536547921542791170	1	87
761675705956655109	3	108
524991240270807042	1	55
553040930144792576	0	75
522443333831262208	2	32
407253554039386112	1	28
524925600318754816	1	55
711994705333112832	2	260
528607634099015680	1	79
552146635707666433	0	237
534543768653807618	0	172
652349108653551616	2	209
560207034545889281	0	142
755548076438196225	2	159
523820806917603328	1	51
723521076446142465	2	46
714531423273746432	2	1
693605375803813889	3	59
501768276523761666	0	113
766299560415223808	3	24
518827403452637184	1	48
692709993573789701	3	3
524263570985340928	1	51
528341588867416064	0	147
693618217667928068	3	59
693830499047989248	3	141
693822949456007169	3	34
531565935128498176	0	12
661184793342775296	3	231
536835346932441088	1	87
693631772639145984	3	59
687786822475366401	3	155
724603564946010112	2	118
500413818368184321	2	8
523126268603031552	1	51
693795905049329664	3	34
692364468442021889	3	27
514062859987595264	0	129
693136527816331264	3	120
489796998615547904	0	13
532106726539939841	0	12
688281442162352128	3	24
691600834707247104	3	253
740791134146965504	2	146
516358319317852160	2	22
520284654755381249	0	16
693662456393134080	3	226
728631482722308096	2	118
693162950358622208	3	27
693594331735683072	3	2
507242819623587841	1	137
547158281005719552	0	279
531833153145823233	1	152
516411927506206721	2	22
365497016098369536	0	84
528312406498635777	1	79
693408117225299968	3	154
693344498953383936	3	5
693492159635443714	3	153
530943279161155584	1	152
568568737621630977	0	26
514508854990999553	0	101
566089610485579776	1	17
687674548712505346	3	155
693670046497935361	3	34
524178388282802176	0	161
427924694663454720	1	95
536962520477470720	1	87
531526274003771392	2	36
531161914689482752	1	152
520299904934371328	1	196
693239731031683072	3	3
514517213022543872	0	101
691656866972209152	3	15
522654603675176960	2	182
500295393301647360	2	8
518665533089406976	0	134
650952376954650629	2	63
514540926640087040	0	101
365052155385749505	0	84
752965545528528898	2	102
767154835993063425	3	5
534303066867367937	0	122
766638613320859648	3	24
516804849619705859	0	111
489800427152879616	0	13
682548344690970624	3	66
692581635594694658	3	3
687630364936957952	3	151
532239131540467712	0	10
693554007785234432	3	120
724703995147751424	2	118
516361247223058432	2	22
542860306603868160	0	222
692735354240114688	3	227
532259028152246272	0	10
514512849876836352	0	101
525008463819464704	2	49
387041762331471872	0	33
689650617464311813	3	57
515598200796090369	2	61
707786906189303808	2	139
558312304753016832	2	258
387030572779847680	0	33
407233172380733441	1	28
387031585834278912	0	33
553136604882014208	0	75
524976526891417600	1	55
514555852351479808	0	101
509084603617792001	0	121
536915851233202176	2	21
531833233143783424	0	12
319166636902998016	0	98
365276206381268995	0	84
555072815154475008	0	18
690676539323740161	3	24
407185422523977728	1	28
515918632178577408	0	202
764158239089029120	3	2
691889802724118532	3	5
516727880571572225	2	22
690954487322796032	3	2
509464271118688257	1	41
524925124303396864	1	55
536808074431184896	1	87
775672628493357057	2	165
517003426832453633	1	61
514308277803294721	2	296
652300118205427716	2	209
633397936563560449	3	294
531676808836833280	1	152
539115704285270017	0	230
427762638274437120	1	95
531973383198887936	0	10
407182194206322689	1	28
687911282922631168	3	24
529088963420909569	0	220
766316494695305218	3	74
544154048950435840	0	119
525305690257379328	1	55
693125234317086720	3	27
407212665350942720	1	28
521533372280369152	0	268
499679379820412928	1	148
693729678306189313	3	24
524998384357486592	1	55
536804445678755840	1	87
678277910537588737	3	171
693185488644149248	3	53
510286132568150016	0	277
531108688749404160	0	271
525032872647065600	2	14
524944881941495809	1	163
524941041301225472	1	55
692840850141753347	3	103
690670464440504320	3	2
621025025806577664	3	197
766307327922335745	3	24
692357775859564544	3	15
766989078294306816	3	15
531634492528939008	1	152
742114513726623744	2	125
348203818741272576	1	181
513749585391390720	1	180
372489152903643136	0	84
726043971911213057	2	43
336913656921083904	1	239
503498696273965056	2	37
489836271049928704	0	13
500381163866062848	2	8
524965786059026432	1	55
693821069879160832	3	3
538256153080127489	2	123
504419526998360064	0	110
763404633217835009	3	108
757748522481491968	2	243
692082337333534720	3	2
692440373449396224	3	5
547587399728267264	2	259
427662266993889280	1	95
520265722967375872	2	223
551082055883563008	1	4
715268937873760256	2	128
523098334421319680	2	257
693629498177253376	3	59
531659884430106624	1	175
524950339074523137	1	55
510916464631889920	1	52
550095745161134080	2	40
692946556396244992	3	3
524929497205055488	2	14
407217471473451008	2	28
692463948076093440	3	27
701975210044497921	2	94
524937542131793920	2	14
532275347413544961	1	109
407163499723624449	1	28
689236842454106113	3	2
525040767317082113	1	55
757450526153900032	2	146
532297096356167680	1	109
455525437351800832	0	100
513015596879867904	2	208
693240976970752004	3	27
524144369235140608	0	161
534678919656775680	0	122
524925730053181440	2	14
544523550519218176	2	58
757190314880884736	2	90
715671763808493569	2	6
525088864416043008	1	55
683731779342188545	3	74
521098692326350848	0	134
742571519105077248	2	133
644321231618076673	3	164
507261372313640961	1	137
507634536176300032	0	206
553098571323437056	0	75
489820657291911168	0	13
693284114724700160	3	53
531524882325311488	2	36
527162170531151872	1	51
525024066152169473	1	55
489833932813516800	0	13
692745861978263552	3	27
692765809425408000	3	278
550038665653542913	0	47
707305999971921920	2	157
525024181218725888	1	55
723511860516016128	2	46
518192429153783808	0	138
524946179390701568	1	163
715253497462145024	2	128
489841070818488320	0	13
693722259740069889	3	31
693068611951300608	3	3
685633217160998912	3	117
407211258304552960	1	28
376874273601630208	0	71
692818857187213313	3	154
534278078105944064	0	122
714755546285477888	2	1
407167258452971520	1	28
513922322915282945	0	186
693443289370882049	3	2
366205297557110784	0	84
767515401831997440	3	15
504500863944376321	0	110
550284252672450560	2	40
692056985513123840	3	5
580320684305416192	2	38
517850508380618752	1	61
505611045897924608	0	183
688932211714818048	3	201
369506008172740608	0	84
500332933098385408	2	8
524928878075457536	1	55
690145844318834689	3	114
544939287222165506	2	214
563117355254161408	1	211
692046121250586624	3	56
524317344730869760	2	161
693573042111270912	3	141
524970097711267841	1	55
538193964479045633	2	21
765735409984806912	2	90
693853982293254144	3	141
318263294098030593	0	98
407169699559247872	1	28
514150992552931328	0	129
691809004356501505	3	2
691327238353129472	3	15
528237933661544448	1	79
436089462326849536	0	25
547509900130021377	0	107
521922785254580225	2	72
547803254516490240	0	263
523545090099523584	2	32
693676692309700609	3	34
574004164570841088	1	276
407267881131732992	1	28
570341828479725570	0	82
525039784503541760	1	55
407217865973329920	1	28
357299879070023680	0	221
536871550184869888	1	87
640182854928961536	2	63
524983325275197440	1	55
707332312724283392	2	157
693126696132804608	3	2
701175292937707520	2	94
370855596050108416	0	84
524881688825167872	0	161
763524712853102596	2	89
407258075502899200	1	28
764368020391223296	2	286
537976883150077952	2	21
653285570383335424	2	63
489798219283857408	0	13
538861627018579968	0	230
547514662695469057	2	250
767715524222578688	3	15
560187970389819392	0	11
764449685897568256	3	198
767823175480647681	3	132
470025166760980483	0	241
500389488217309184	2	8
519275971758026752	1	48
518870005677826050	1	48
553461741917863936	2	19
523123023646175233	0	158
516682897864916992	2	234
755475529294352385	2	159
356437941641416705	0	210
528389559441444864	0	147
526459255147491328	0	116
752875379765968897	2	124
514451906211893248	1	60
519704006826807296	0	268
568452856224747520	0	26
549964632883232768	2	40
693056396250652672	3	15
273278761909239808	0	168
778530869208190976	2	264
531287426858487808	2	36
688763993633107968	3	2
536540403109879809	1	87
514468018970034176	0	101
536827853669941248	1	87
687639526282498049	3	155
490141776984825856	0	13
693718533239365633	3	67
538847758032310272	0	143
524958992330522624	1	55
692113839387709444	3	15
536558567206420480	1	87
693087256727388161	3	24
544510450101415936	2	149
527308173112139776	1	92
501785003144273921	0	113
689719109785907200	3	24
534461459938304001	0	256
407279190913069056	1	28
550131732805328896	2	40
524961908903149568	1	55
707412869860696064	2	157
692881863644282880	3	244
532206910796468224	0	10
407197672702214144	1	28
536738726693847041	1	87
716424773216022530	2	94
407191058108256257	1	28
766719302401613825	3	273
707300612862566400	2	157
727966590084485120	2	106
532007252677656576	0	10
767580827513397252	3	53
521821037726797824	0	188
707321278135463936	2	157
693916809125351425	3	15
504433135036407808	0	110
692374052082708480	3	15
514483762566922240	0	101
692031224227958789	3	24
525134787778850818	1	51
740748123581087745	2	146
499456140044824576	2	8
521835345059389440	0	189
692734579141185536	3	254
514067907475959808	0	129
523655026485366784	1	51
760120409429643266	2	246
551123464640536576	1	4
552677176873455616	0	237
778299287293816832	2	264
536504515843727361	1	87
692764799315398656	3	5
693873151659249669	3	2
553548567420628992	2	19
273182568298450945	0	168
509463916586762241	1	41
684118654418419712	3	171
767462297270968321	3	3
535484342785830912	2	136
513437031020916738	0	208
427690961280696320	1	95
693116426824093696	3	235
537484793882361856	2	21
386682163862986752	0	229
407218583135997953	1	28
693481256735150082	3	154
504387128013246465	1	148
567765185407234049	1	185
525301290218553344	1	163
677950378785271808	3	151
689100941119848449	3	24
693501482721681408	3	3
745236050407194624	2	99
524962676665888769	1	55
691351064868732928	3	15
489865454312099840	0	13
559863517151784960	0	142
518866406512025602	1	48
514100169307348992	1	7
356310469390245888	0	210
616686132387028992	3	85
535315394127728641	0	135
365056836476481537	0	84
553271856786968576	0	237
524930671220105216	1	55
532208816692416512	0	10
716439952922312704	2	94
516475930097643520	2	22
690926324903317504	3	2
693534177694609409	3	3
510922415468449792	1	52
506784541696991232	0	13
380140114552188928	0	167
523863683928457216	1	51
693123067204243456	3	120
482880640560271361	0	284
498280126254428160	2	8
693643778033344512	3	68
407164247768977409	1	28
407209131351629824	1	28
692736398462300162	3	3
407161635439013888	2	28
387050178932654080	0	33
727116900983934976	2	43
693560600471863296	3	3
767482587879051265	3	215
767094580634202112	3	2
514148279601606656	1	180
693866093123915776	3	269
531493734358061056	2	36
489812926828924928	0	13
499612545909415938	2	8
514098803347951616	1	7
693711272014155776	3	67
692707593991643136	3	53
724320681517670400	2	118
524152657783820288	0	161
554958414905094144	1	91
689799953330368513	3	83
538900739880665088	2	21
691064699853606913	3	126
531085761521528834	1	152
686422922894815233	3	195
525041127343550464	1	55
688096910217879554	3	2
514106939173634048	1	7
407290084593913856	1	28
692031514943582208	3	24
727982226290442240	2	118
765863022506151937	3	24
500278294055768064	1	148
524948703850029056	1	55
489887806018183168	0	13
726442550266044416	2	43
674713782778654721	3	80
701539698452393986	2	94
553505242554175489	2	19
504131654810877952	1	148
693658242044542976	3	238
691380348379201536	3	2
495366618818830336	0	9
489902412900343809	0	13
387233034350514176	0	33
555003887753494528	1	91
693600369281253376	3	3
689208632148365314	3	24
562256876763901953	1	211
531543620856197121	2	36
524991067675189250	1	163
688110059553861634	3	2
514039286845698048	1	39
568075025418317826	1	185
722885778448121857	2	118
504441156575297536	0	110
562387516964491265	1	225
691632933170450435	3	15
765141361033109504	3	24
730516765525082112	2	289
699252269414354944	3	194
504304227246538752	1	148
723772395211862016	2	46
761381302260031489	3	2
500377145349521411	2	8
692142338890661888	3	244
684878165714563072	3	179
728101712762834944	2	106
450341615979069440	0	50
693595814401327104	3	59
520338188213444608	0	16
728038172270198787	2	106
523535962962280448	0	96
742678930516123650	2	133
693160939802214400	3	120
764573523713011713	3	2
407192027714322432	1	28
715254040289021952	2	128
693899062098137088	3	34
407237676350185475	2	28
693139276708585472	3	15
693803472806760448	3	3
727834854931435522	2	156
764473554431725568	3	2
499366666300846081	2	8
726086935903494144	2	43
689549346875031552	3	31
761027420849745920	3	151
523026678419714048	1	51
80084555733803009	2	23
551575491430211584	1	166
489874311143260160	0	13
489968646014246912	0	13
751856580874960897	2	165
519311120914722816	1	48
407292452060815360	1	28
516414874348298240	2	22
536826622725218304	1	87
551159366876147714	1	4
407232661107642368	1	28
523943647449198592	1	51
706933939953344514	2	35
692892472729415680	3	3
686527768327274497	3	85
693673606279229440	3	34
554655549896159233	0	20
693216311502073856	3	235
535474861616148480	1	212
692838349036326912	3	27
503609826128044032	2	37
687632433483759616	3	24
693456387880402944	3	120
407275991610818560	1	28
544567299102244864	0	119
521772674155286528	2	72
675434959939756032	3	64
528495998537334785	1	79
527272948680622080	1	190
693769968199061504	3	5
509077805296914432	0	121
551103664124100608	1	4
504478567062056962	0	110
500341884678836224	2	8
552457656666185728	1	105
688814621034213376	3	126
767300637012951040	3	24
407176055657484289	1	28
653432177632387072	2	209
665317131597291520	3	66
520244836084228096	0	62
407197113286545409	1	28
693091255685787648	3	3
743126914794037248	2	133
553228463998783488	2	281
527138218505175040	1	170
692854695262445568	3	103
691616143161819136	3	297
521444489697583104	2	72
521727831307722753	0	62
519078654635409410	1	48
509114008587100160	0	283
574062768896212992	1	276
714598641827246081	2	1
689722724470620161	3	24
504106473467944960	1	148
507354546041925632	0	206
714851393861881857	2	1
532197572698320896	1	109
691006265137299456	3	2
407234399093022720	1	28
693198912660885505	3	15
691410231549530112	3	2
687631811560763392	3	24
688461902821855232	3	24
767355933919997952	3	5
501760566160289794	0	113
80080680482123777	2	23
692491478619262976	3	31
524593547807178753	1	51
691027026552229888	3	74
496698590153416704	0	69
516705572373397504	2	173
552810448324943872	2	19
692024256520179712	3	195
524757333608394752	1	51
655432919595548672	2	131
543443188934250496	0	205
692742353736568833	3	24
693925198630821889	3	3
552498516225179650	1	105
516434071631974400	2	22
510921017972514817	1	52
552848620375261184	2	19
539658034382123008	0	112
686421576904916992	3	195
522321383716818944	1	93
524981436252950528	2	14
546028163134808064	2	70
515538937058971648	1	61
764505291853627392	3	103
407173794583695360	1	28
552568163431247873	1	105
693214543615561729	3	120
525285199530455040	2	203
688751183645782016	3	2
692925163994796033	3	213
511918957255991296	0	186
407184707118309376	1	28
553184482241814530	2	19
387021726007042051	0	33
553016500492439552	0	75
517053056211357696	1	93
688763099298529280	3	83
692780496590254081	3	3
767444114229059584	3	3
764753085675761664	3	24
549920761423863808	2	40
518620083342835712	0	134
514546272972574721	0	101
501934077612941312	2	174
651044059222556674	2	63
524993533212897281	2	14
524935769614331904	1	55
729647367457230850	2	102
552615631246622721	1	105
500303431928922113	2	8
524988712367955970	1	55
568571403756294144	0	26
688441130271289350	3	83
516435293235183617	2	22
760109079133990912	2	246
532275383430041600	1	109
689214940679409664	3	31
688752484966363136	3	2
514142113601437696	1	39
692336523090509824	3	5
519867098945044480	0	62
521769631519092736	2	72
755523157700648960	2	159
707420972173955072	2	157
663744139666804736	2	219
527947775905103872	1	184
500394061887709184	2	8
553579224402235393	2	19
532255606623989760	0	10
514420223873941504	1	60
707405809181917184	2	157
491241885399539712	0	13
728273551883534336	2	106
407198615137181696	1	28
767845555313774593	3	120
348209998565879810	0	160
522534012544638976	2	169
510906049549705216	1	52
692748204064927745	3	227
693855615618322432	3	59
538729383662338049	0	143
407170170533064705	1	28
705092738224525312	2	162
553538058440941568	2	19
553099685888790528	0	75
538374385665449985	1	123
767528171520524288	3	68
692098463262216192	3	27
407209892013821952	1	28
693107789007339521	3	2
489794593580650497	0	13
554688527435563008	0	18
692812029611089920	3	150
689833530197671936	3	114
524977992683237376	1	55
693622130735484929	3	153
692727606718824448	3	3
519962130859429888	0	145
509152237503778816	0	88
693629063932596224	2	68
489794696013967360	0	13
525043936331857923	1	55
427780584979836929	1	95
691206970074738688	3	44
525408908484280321	1	55
714503380476026880	2	1
543319210659971073	0	205
524924619812511746	2	14
550175324634619904	2	40
510507736287961088	2	249
651486105628463105	2	63
688502260779843587	3	2
491591245152935936	0	13
407189015582887936	1	28
693934062445187072	3	5
553164985460068352	2	19
519921456730607616	0	268
510931521306243072	1	52
693032076543655936	3	154
692332739824095234	3	24
525033697045925888	1	55
714555825122107392	2	1
407248574099894272	1	28
553575232867672064	2	19
336873759271157760	1	239
538137715293061120	2	21
524987184836005889	1	55
407244865018155008	1	28
531606992788287489	2	36
560442390805090307	0	142
688147918113538049	3	24
407167928313081856	1	28
553549686129561600	2	19
551117430345711616	0	45
692004901455556608	3	2
516386101766782976	2	22
554886875303780352	0	20
504453071041482753	0	110
524176293450223616	0	161
693804630615166977	3	235
524961721744900097	1	55
562093717201616896	1	211
551942365901250560	0	237
489867900296368129	0	13
715255507506892800	2	128
427846006600777729	1	95
706665777332621314	2	35
691299810553384960	3	2
691791477912014850	3	15
767520433247809536	3	150
505657661120348163	0	183
553115168084074497	0	75
693079616072880128	3	27
693512850539683842	3	15
519112613800972288	1	48
778572032531427332	2	127
501881262240694272	1	73
693802524579618816	3	120
519965814175567872	0	62
500327106824245249	2	8
732004388181434368	2	118
553470492565602305	2	19
538010064591028224	2	21
536105045545472000	1	87
763896522790440960	2	159
524312881823637504	1	51
524289058290159616	0	161
690252631822864384	3	2
714811995573325828	2	1
692510002586714113	3	2
372914976102834176	0	84
524929796862918656	1	55
407254590363426816	1	28
687734662249246724	3	155
693122199536934912	3	53
562090534945431552	1	211
407182466613792768	1	28
407223928084766721	1	28
692792765852286977	3	15
538133250066366464	2	21
531733274968989696	2	36
762775964224847872	3	2
536991428694376448	1	87
495583434954514432	0	204
550003619303788545	2	40
725983128444129280	2	43
489836441120145408	0	13
517487705978966016	1	61
524932056560963584	2	14
514106273852174337	1	7
524979548195024898	1	55
692105324111761408	3	5
537355288295518210	0	143
524185876931162112	1	51
532231906364911616	1	109
500294803402137600	2	8
551099691702956032	1	4
503610065769598976	2	37
551135925862805504	1	166
519178213441167360	1	48
562313802369073153	1	211
529857740059860992	0	147
524927281048080385	2	14
407169212428206080	1	28
692217618778972161	3	5
693083689098477568	3	3
517038566061658114	2	234
690920430287331328	3	233
756282236375277568	2	90
693204483501887488	3	108
697992796565741569	2	94
523888836456108032	1	51
515717938025078784	1	61
692924229017309184	3	126
525077806401994754	1	55
641665203046907904	3	261
387007120689737729	0	33
693465666259656705	3	24
525300042207612928	1	163
534763214106820608	0	122
767068504277344260	3	5
531531382611513344	2	36
427666815842414592	1	95
387006553124896768	0	33
527295015643394048	1	190
521717368264093696	0	217
366025766183514112	0	84
693457310824468480	3	2
519375764165509121	0	134
535148463609356288	2	136
693204708933160960	3	3
689853056440221696	3	114
518981379963777025	0	134
532246457609244672	0	12
506656271517622272	0	29
552706985087361025	1	105
525009850104037376	1	163
514072132301910016	0	129
723365789378584578	2	46
692537942439501824	3	5
524941504796962816	1	55
387220814531395584	0	33
728625967921401856	2	118
524923341359300608	1	55
547670441754914816	2	250
523123779124600833	0	158
407213757048160256	1	28
693272659447119873	3	120
532284428542681088	0	12
520132836594970625	0	62
516425769560866817	2	22
716448280201269248	2	94
544287209730236416	2	149
504131150429061121	1	148
651809229842608128	2	63
524958128392376320	1	55
516371936604352513	2	22
524211911668543488	0	161
767768054163996672	3	3
407158558158254081	1	28
551128385850601472	1	4
767223774072676354	3	5
524320261667950592	0	161
766789709045518336	2	232
693485676881403905	3	120
554597409351671808	0	20
650254360727973889	2	63
407231740764508161	1	28
693121477491757056	3	2
557621135320178688	0	107
543586319168196608	0	205
436160836524965891	1	140
693696168908423168	3	5
531300385248800768	2	36
552821069036670976	2	19
539254751343681536	0	112
658755852199927808	2	176
519929168864497664	0	62
407188779255222273	1	28
516345893139001346	2	22
688027085730897921	3	24
727623131494387714	2	156
761355585724055553	3	2
728013148788154368	2	106
519447199164665856	0	134
513779458340569088	1	180
693554344298467328	3	34
724348906096590849	2	118
689555819059351552	3	24
504830161993609216	0	29
407179055763836928	1	28
407162181059612672	1	28
691986377584549888	3	5
765934198297362432	3	5
553544252563935234	2	19
692127290998784001	3	15
537913349338435584	1	123
528976109518721024	0	147
531648145613398016	1	152
568905632998412288	0	26
525116411887513602	1	55
765631087867367426	3	2
544328894812549121	2	149
532276370953752576	1	109
524972443308683264	2	14
687617735833026560	3	103
500378522788315137	2	8
386998038004113409	0	33
689694470779097088	3	24
767218194385866752	3	3
692506143147606016	3	150
525040836757958657	1	55
524206851450486785	0	161
525291306000846848	1	55
545271117355958272	1	54
489872119158046720	0	13
516539137646542848	2	22
689103487880310785	3	24
531607884220485632	0	12
655815788675399680	2	63
295944137948151809	0	98
427944719612915712	1	95
531568534066057217	0	12
693686290408181760	3	235
516394449065496577	2	22
377002232257855488	0	71
500298752469770240	2	8
749286768554438658	2	102
523566838958284801	0	96
516856061182345216	0	111
692528931459694592	3	5
652982112870662144	2	209
553474188259102720	2	19
732971411157880832	2	118
524685073979678721	1	51
693140568143220736	3	227
538724882461097986	0	143
509463933564891137	1	41
553103772852191233	0	75
407164597511393280	1	28
377519445578895360	0	71
576829262927413248	2	30
692746621218656258	3	31
524227209976745984	0	178
693524179597955072	3	3
691976624665919488	3	117
506118402466152449	0	29
688437279405305856	3	155
552112474913136641	0	237
538129041539092480	0	143
678733118648524800	3	236
372901260183494656	0	84
665302351742275584	3	66
778689027918618625	2	127
693102420688121856	3	2
748640007934590976	2	102
518830518792892416	0	134
524952094986350592	2	55
723477822950395904	2	46
407264593027670016	1	28
523562674487975937	0	96
692134721195786240	3	27
516423807394131968	2	22
534392174876839936	0	122
510908595144519680	1	52
380055172896272384	0	167
514081464171102208	0	129
764653644138450945	3	2
407174474207731712	2	28
692453106622275585	2	27
544514570367168512	2	149
692759090469212160	3	15
692290126282649601	3	31
693098795022725120	3	3
524947149134774272	1	163
690915657106526208	3	231
520630231531802624	0	134
407253198395555840	1	28
501774251901198336	0	113
497073936077959169	0	69
692190570140340229	3	24
684488313512800256	3	64
560474897013415936	0	47
528676615207653376	1	79
534445263528947712	0	172
727172374999666688	2	43
524928119955013632	1	55
682629960826224646	3	66
553501357156876290	2	19
500279160795721728	2	8
767355611277168642	3	3
521777301470871553	2	72
490080544949276672	0	13
500319801344929795	2	8
508002575858561024	1	291
503714147138166784	2	37
504652021601800193	0	267
767463109778894848	3	3
500290456845299714	2	8
650975967146602496	2	63
648993731169939456	2	245
356407105953071107	0	210
516729950091493376	1	61
499683602452717569	1	148
693456340790804480	3	215
507557659206516736	0	206
521663202183348224	0	228
692688891174739968	3	253
692113799546048513	3	27
693792605755285504	3	144
553061846081896449	0	75
536849906997415936	1	87
407213772328022016	1	28
525711899359318016	2	293
780436430732525569	2	251
767737100347191297	3	141
692816955837804544	3	103
535252460148113409	0	135
524929106987991040	1	55
533767270091087872	2	255
566999951449001984	1	17
690567125128351744	3	2
516420964834611201	2	22
516390549012480001	2	22
532284831783460864	0	10
553503184174710784	2	19
726190016435728385	2	43
524191650420367360	0	270
532928419051622400	2	36
728207861050970112	2	106
764620072228970496	3	108
714560810266132480	2	1
693082547664883712	3	15
692405195796529152	3	24
524291188422356993	1	51
427652211414274048	1	95
693490132440129536	3	3
532199717594497024	0	10
532319110458118144	0	10
640118021101604864	2	272
326137285450018817	0	98
544698560655400961	0	119
554343513887105024	0	18
524976980799000578	1	55
532559937269166080	0	10
658938136299511808	2	176
676586804242309121	2	200
767710245779103744	3	5
692287441168900097	3	24
692922211338981377	3	24
514550436377137152	0	101
516861311725342722	2	234
523558773345255424	0	96
490136764619948032	0	13
549975297160802304	2	40
517051126466625536	1	61
767668607803359234	3	67
692134022839955456	3	15
766808183696351233	2	90
524294016435634178	1	51
364383457545162754	0	84
387353560356118528	0	33
557885928417816576	0	147
489829414704648192	0	13
524699123971534848	1	51
683158807959089152	3	285
692497796956561408	3	24
550279538278543360	2	40
265953285247209472	0	282
687766167558164481	3	155
723644048867774464	2	46
693785810311778304	3	144
643807909856415744	3	197
489854703321509888	0	13
522815405451407360	2	32
334722003057647616	0	275
691667941314662400	3	83
499530130487017472	2	8
665498651742085124	3	66
525024518713397249	1	55
688757736310484994	3	2
553008832784642048	0	75
686701278785843200	2	195
509466295344304129	1	41
554722567224049664	1	91
767170849472405508	3	5
529434230938284032	1	79
742012307694223361	2	133
500363740311982081	2	8
489974591985840128	0	13
376982539132366848	0	71
407181813174788096	1	28
690522824797196288	3	24
757367391202471937	2	90
549998575330275330	2	40
515519742355185664	1	61
500354773133299713	2	8
407163869673443328	1	28
547101266313089024	0	288
407169885345943552	1	28
693537938425171968	3	34
551120768164462592	1	4
687617323235147776	3	103
407193347279699968	1	28
510916725953417218	1	52
556873675941896193	2	258
407205404075376640	1	28
523581212175392768	1	51
387006700609228801	0	33
489970164469751808	0	13
690431187916099584	3	24
552816020403269632	2	19
703234354579898368	2	139
727588444000526336	2	156
524949828711620608	1	55
436074888638763008	0	25
693411834808946688	3	153
407192370040803329	1	28
436146437530075136	2	140
778949749156245504	2	127
519131101798100992	1	48
693236688538243074	3	120
519530210795216896	1	48
692023417575448576	3	5
544512910538838016	2	149
689798164287741953	3	24
499368931367608320	2	8
670380354822348801	3	64
767360696761905153	3	27
524976963862429697	1	55
511330322831507456	2	249
500284699546517505	2	8
553186555150749696	0	75
528822281972498432	1	79
755447443009916929	2	159
407236151167025152	1	28
693234925252775936	3	120
693926742814281729	3	144
693476901772513280	3	154
525327108520673281	2	49
692932696645865472	3	3
693217698482933760	3	193
516377014790782977	2	22
690137637810761728	3	24
690680310061756416	3	24
693102023764492288	3	24
531900034863091712	0	12
568580363339091968	0	26
692391757775028228	3	27
693487871806689280	3	3
691564354567798784	3	24
693131575261659137	3	3
747443219487678464	2	133
538166788484509696	0	266
568589712644026368	0	26
531525016794697729	2	36
692047663211085825	3	103
500279189405433858	2	8
436157398269849602	1	140
531129816389779456	1	152
553550301886955520	2	19
524950507023245313	1	55
692451275930234880	3	2
489818014364086273	0	13
539052152602107904	0	192
693355140284334081	3	120
692842124841123842	3	15
714998347111669760	2	35
689922870689009664	3	108
759653274605740032	3	74
514517470238240768	0	101
538412662858588160	0	112
500377906305327104	2	8
407205009676587009	1	28
685232704774787072	3	198
774833492865593344	2	165
524951893467234304	1	163
387010299536355328	0	33
692747901815119872	3	244
780882510645370880	2	251
766299795833102336	3	5
522468118082633729	2	169
767330549262278658	3	3
427725166127226881	1	95
507257950868885504	1	137
693492349142433792	3	120
524935246647926784	1	55
538975342011363328	0	143
509464457836511232	1	41
524940659778920448	2	14
500327120770301952	2	8
567596847330373632	1	185
692692529779707904	3	24
501827465032237056	1	287
538408710084001793	1	123
693459931022913536	3	227
509464217549021184	1	41
693071700200722433	3	53
514057033419849728	1	39
489798752438583297	2	13
407187197427593217	1	28
356297080169447425	0	210
489816746405007360	0	13
542423103834296323	0	224
489872500462190593	0	13
692800345274241025	3	27
552661209204260864	1	105
507263441359613953	1	137
407176873605865472	1	28
525005886272843776	1	163
716416753409081344	2	94
352075672543428608	0	265
691380138710306816	3	15
534205316620382208	1	115
693509689418588160	3	27
407231591191035904	1	28
501474962935648256	0	242
538930446814703616	0	143
514495841600811009	0	101
693807822971236353	3	120
540333359793451008	0	230
524967711492014080	2	55
356268980211687424	0	210
685473149291479040	3	199
532276693931945984	1	109
407269894938718208	1	28
692472216135569409	3	5
524181699043663872	0	161
351767344097398785	0	97
387281927427727360	0	33
748558349139058688	2	177
500280422295937024	2	8
519935535083565056	0	62
537378640653475841	0	143
693912520923295745	3	141
489798752358916096	0	13
510918747188514816	1	52
760928376668454912	2	146
690296550803636224	3	2
358591089462099968	0	262
553518472798683136	2	19
501774615837163521	0	113
524934138563133440	1	55
507454543169617920	0	206
509031495101874176	0	88
693533469922693120	3	27
500371149713178625	2	8
707310135291416576	2	157
407206094747209728	1	28
407290871856369664	1	28
691700082601758720	3	132
693118410444636161	3	120
724624672604610562	2	118
692267960686284800	3	24
527286846347567104	1	190
693921710383337472	3	216
693806234026188801	3	44
570405783306944514	0	82
693452449173086210	3	15
716457799392342018	2	94
407192126032986112	1	28
715515982584881152	2	6
766358933296517121	3	5
540643709465812992	0	274
535579674152148992	1	212
524976106861236226	1	55
572002458647412736	0	76
538346377794031618	1	123
554979642210549760	0	18
407229989902225408	1	28
549599086073368576	0	47
556541489388724224	2	258
504267796424163328	1	148
407184730988097536	1	28
427831952826449920	1	95
524923293711998976	1	55
427689948398231552	1	95
518924377791164420	1	48
295152287901417472	1	207
539813330983354368	0	112
407262869152358400	1	28
519868410599993344	0	62
522684367647559681	2	86
500258409988763649	2	8
514478918636535808	1	60
489796088338341888	0	13
514201362729828352	1	7
407262953533353984	1	28
407170443443859456	1	28
692063305297453060	3	15
357300409292959744	0	221
364589696573124609	0	84
701514249269542912	2	94
656361703664451585	2	63
767715489485205505	3	3
688520025754304512	3	2
524959836778536961	1	55
553115236992290816	0	75
531530591427391488	2	36
526757033186697216	2	42
712223438698627073	2	260
531498841158082562	2	36
542600886653292545	0	224
387009577763360768	0	33
544306719686656000	2	149
693523133920342016	3	34
692745208421679104	3	3
387236601450864641	0	33
549124560793374720	0	47
693484841011060737	3	141
489794369487380480	0	13
525029684095221760	1	55
576319832800555008	2	30
693549273468764160	3	34
537006518118273025	1	87
763430916236640256	2	89
524925033626738688	1	55
528357165677817856	1	79
524950264303075328	1	55
436157173161144321	0	25
551097831851687938	1	4
544457299667202048	0	119
532602376398462976	1	196
501781217411215360	0	113
560414522758799361	0	222
507918114567499776	1	291
528240834660298753	0	147
692927739066740741	3	15
500308076004929537	2	8
445495350171013120	2	207
514429381737852929	0	101
524926472432410625	2	14
553576010898497536	2	19
716461257025581056	2	94
522782267215982592	2	32
407209222850756608	1	28
676970570160988160	3	201
524168442841010176	0	161
565999191982616577	1	17
514109888138842113	1	39
553190393370923008	0	75
537377960471166976	0	143
651786568592658433	2	209
534337548680978432	0	122
766452700049473536	3	5
534364937939062784	0	122
435998882250899456	0	25
532851585408593920	0	218
491200302365040640	0	13
551106793959862272	1	4
692566765822435328	3	3
553467311261503488	2	19
500319675797209088	2	8
539799806039052288	2	252
517034091028676608	2	234
514098833253748736	1	7
522453569702989824	2	32
504109775358287872	1	148
553212962044149761	2	19
547525843749470208	2	250
778681502825451520	2	127
549927969032916993	2	40
692423131726749697	3	213
689529955294777344	3	24
500363126294863876	2	8
521496155310796800	0	217
387237225286479872	0	33
531183173443801088	1	152
553169307824177152	0	75
535474881090322432	1	212
524186749002473472	0	161
519348106836860929	1	48
516321020815228929	1	61
690174644071047168	3	57
542320823915536384	0	187
580325090367315968	2	38
532203605236154368	1	109
576513463738109954	2	30
692382471061663744	3	213
521789009576476673	0	188
544518335019229184	1	149
675490515748425728	1	372
626642648179159040	0	335
666070802924617728	0	322
690969315470868480	3	244
767803368081358848	3	269
693071538896162816	3	15
614609560658161664	1	299
714577521992343552	2	1
732981604826677249	2	118
647169726158925824	0	317
681147789653356544	1	354
544291965513134080	1	149
690580180805509121	3	231
672513234419638273	0	304
524962142563610625	1	14
631388553801564160	0	367
640107106943766528	0	331
656870311057575936	0	298
618805892222468096	0	327
553590835850514433	1	19
715256242990505984	2	128
672102358516670465	3	151
692701223326056449	3	3
692393375891361794	3	2
693087220459270144	3	24
614608936491188225	1	299
693761289601060864	3	24
524925215235911680	1	14
544358564484378624	1	149
693935557009801218	3	141
649584608560832513	2	245
693555965019492352	3	5
626516248206135296	0	335
649903655160815616	1	312
524941132237910016	1	14
674187250792558592	0	311
672219174463275008	0	304
676367888543031296	1	360
655080266784968705	0	317
641088973717110784	0	302
690650123358093312	3	24
544319832486064128	1	149
667534186450825216	0	309
693128224960856064	3	120
666190716448587776	0	322
553534838880608256	1	19
614607711368519680	1	299
633823543541768192	0	363
674229534888185856	0	311
692082861525078017	3	74
665309822208729088	3	66
693185853867294721	3	120
689915847939219456	3	2
662151653462790144	0	315
688004802245214208	3	74
692498490249891842	3	2
693141729529184256	3	2
641082932740947972	1	364
524952883343925249	1	14
767561970182598657	3	3
524925050739490816	1	14
687274510643511296	3	74
693897857376632832	3	15
692163879909064704	3	27
693827886021767169	3	2
629209452793626624	2	368
614594667225571328	1	299
675193315306905600	0	316
500378223977721856	1	8
637873886072320001	0	317
615689290706595840	1	299
668872645589471232	0	309
544380742076088320	1	149
525028734991343617	1	14
669613420665159680	0	376
693196937172951040	3	3
688755462783782912	3	2
676955015265837056	3	201
642145732435292160	0	317
653432261203750912	2	209
701872343736520704	2	94
689641419825242112	3	2
615840865815298048	1	299
544382892378714113	1	149
674364257799004160	0	311
676094756758364160	0	309
641972184412327937	1	337
544512676643500033	1	149
688751061503442944	3	2
553587303172833280	1	19
613023744454475776	0	349
676491949524713473	3	171
764931593303646208	2	351
692691444046372865	3	5
544269749405097984	1	149
692368829368918017	3	24
692023855926374400	3	5
693606934050684928	3	59
647169573599449088	0	317
659439879701602304	0	341
614618682543616000	1	299
614594259900080128	1	299
676120162018451456	0	342
553587672137334785	1	19
544512108885725184	1	149
693691456222052352	3	59
634404792241143809	0	379
689890946683576322	3	2
552802654641225728	1	19
693167683701968896	3	2
693939356390653952	3	3
674244561519161344	0	311
651825062174195712	0	346
693840291992838147	3	120
544324444773433348	1	149
666810213274689537	0	362
755439197125767169	2	159
693804277031157761	3	3
544314234541469696	1	149
647168914955243520	0	317
728627623488786433	2	106
642027433693171712	0	317
524936872666353664	1	14
643103859729166337	0	331
614628136634949632	1	299
692820029159653377	3	227
668849913678209024	1	384
553508098825261056	1	19
688428083540553728	3	195
693129259334909952	3	15
751536167183613952	2	348
692796451987034113	3	15
656523458139045889	2	63
687984820815851521	3	155
693893182338289664	3	27
667073349974102017	1	383
544289409294553088	1	149
672488384695279616	0	304
552785375161499649	1	19
661102820976930816	0	315
552791578893619200	1	19
614601139422633984	1	299
691789524498845699	3	244
688366079396163584	3	24
553588178687655936	1	19
658462819667615744	0	309
692758050378256388	3	227
673686233936072704	0	332
663904307113275392	0	313
613404935003217920	0	300
765612862681255936	3	171
692826642583019521	3	74
553476490315431937	1	19
681767380305985536	0	373
544517264054423552	1	149
614628865353351168	1	299
544511199702822913	1	149
660466342038867969	0	315
692743102432346113	3	215
688819658057740290	3	24
544476808566276097	1	149
604642913188872192	0	378
652000523525091328	2	209
681824512120324096	3	64
614594195479752704	1	299
766568413418356736	3	24
553587013409325058	1	19
544282005941530624	1	149
764906140257837056	3	2
662430295254175744	0	315
767710042816602112	3	141
672180526946656256	0	304
675043569367982081	0	316
627828211003469825	0	335
692540218310803456	3	5
657007736467525632	0	309
693771953648373760	3	67
544350712365207552	1	149
651018580989972480	1	312
614610920782888960	1	299
693651239486263296	3	5
693843042546106369	3	2
553586897168392192	1	19
686657138270277634	3	64
614626710248534016	1	299
672553813249826816	3	171
692929779696275456	3	5
552832817089236992	1	19
663817239896821760	0	313
552984502063337472	1	19
666640008149925893	0	309
693076140278153217	3	3
544268732046913536	1	149
692082592380751874	3	27
693171092555431936	3	213
765779159176077312	3	24
544274934835707905	1	149
692665281362202624	3	103
693321561542127616	3	5
673581371458199552	0	324
524980744658382848	1	14
674014933235859456	0	319
687643002240679936	3	24
614702244001382400	1	299
763520953619918848	2	89
614617234942656512	1	299
553160652567498752	1	19
692845716826300418	3	2
525025279803424768	1	14
692078399012130816	3	15
654343805081157633	0	317
544301453717041152	1	149
693844030589902848	3	27
628319096606732290	1	375
689661418484994049	3	195
580324027715063808	1	38
544381485591982083	1	149
552792802309181440	1	19
761999790892806144	3	2
524935485370929152	1	14
614790312955904000	1	299
652992524504600576	0	309
524925987239120897	1	14
666633171325353989	0	329
642465192408940544	1	337
651402689352351744	0	331
692890520960397312	3	3
692630756548591616	3	24
689267711856263168	3	24
676067381299576832	0	332
693203974388895744	3	120
668144671772778497	0	353
672906198434209792	0	324
656830586577883136	0	298
544283772569788416	1	149
767859423150759936	3	15
691678576018657281	3	273
688021039322894336	3	24
763964234774347776	3	330
693586539562037248	3	3
692702295281262593	3	24
674015148382666752	0	319
669201837187334144	0	309
692516224245235712	3	2
628045645010608128	0	343
616481759329427456	1	303
767541796410839040	3	215
544513524438155264	1	149
687748306571804672	3	155
764497123530375169	3	24
767861179951648768	3	141
661222523275636736	0	315
693080409282846720	3	120
767129248045948929	3	15
658065957823324160	0	309
692157602554343424	3	27
673615263040798726	0	332
661870323034431489	0	342
544278335455776769	1	149
688752927381581824	3	2
767709416879644672	3	34
693181857261719553	3	3
634943791934406657	0	361
553558982476828674	1	19
692838430783332357	3	15
637382230394822656	2	314
690680149164085248	3	24
648310692794109952	0	309
693041285087756288	3	154
661299012386095105	0	315
693571567377342466	3	269
671181758692507648	0	334
693466451081060353	3	120
656834590779289600	2	298
656662726014599168	0	309
693086218276474880	3	27
672432930426372096	0	304
614650850393391104	2	299
552834961762709505	1	19
656848877463560192	3	197
651959206287908868	0	338
674314254732931072	0	344
612646796355960832	0	300
656825206045020160	0	298
693573781730783232	3	3
633949800761700352	0	317
614604580601597953	1	299
661120256732041216	0	315
618192748735299584	0	308
693456187036037123	3	3
663925546812837888	0	313
692753210692476928	3	24
767807335691653120	3	213
544504183341064192	1	149
767855091109863424	3	141
689867195657101312	3	195
692911086920667136	3	3
613294443878305796	0	300
693641113693884416	3	3
614599619310407680	1	299
552805488631758849	1	19
759460236042305536	2	90
692758581494599681	3	5
707604196812591104	2	157
666107476526432256	0	329
687409983139495939	3	74
676870737932742656	0	347
693853310479155200	3	153
682916727282270208	3	44
666051332504207360	0	322
544350567183556608	1	149
673696115305406466	2	332
613061089518034944	0	300
553535829017370625	1	19
691285663522648065	3	24
691608761128067072	3	195
693146363685642240	3	227
693502060545703937	3	141
552792913910833152	1	19
552792544132997121	1	19
640644123339431936	0	374
615494435074363392	1	299
767754921403899906	3	5
690376107825192960	3	2
615592870540488704	1	299
672828403016429568	0	304
614610364702044164	1	299
616311563071434753	1	303
692410832307818497	3	132
765359928361922560	3	216
626546123713474560	0	335
552783667052167168	1	19
594687353937100801	0	308
665575674485211136	0	322
634665777400950784	0	305
681199637387149313	3	285
645711628046995462	0	318
692106491365605376	3	330
525049639016615937	1	14
725070832494624769	2	118
629503919098429440	0	302
498430783699554305	1	8
643139873264812032	0	356
656595123590012928	0	298
665364878287224834	0	322
612741808125120513	0	371
692150118921957376	3	15
553566026030272512	1	19
723198441690636288	3	155
693441093048766464	3	3
693818562981421056	3	3
641050980985999360	0	352
525025463648137216	1	14
644329878876237824	3	164
524966904885428226	1	14
544520273718812672	1	149
689938201193115648	3	2
693858804279201794	3	34
674358835675549696	1	321
692550140754841603	3	3
674263945172119552	1	321
524969201102901248	1	14
622858454949040128	0	302
613362193787129860	0	308
693061713042771968	3	154
725174535897620481	2	118
553506608203169792	1	19
612841482823729152	0	349
553531413459660800	1	19
619242759359037440	1	299
692735698349199360	3	24
675064077367005184	0	316
693857080193761285	3	269
723915846985342976	2	46
614891047886434304	1	299
524926235030589440	1	14
659428447459110912	0	315
690106189951139840	3	24
693281966846808064	3	120
524959809402331137	1	14
616765822095261700	1	303
524944399890124801	1	14
656811196218286080	0	298
614593386188828672	1	299
658786161733734400	0	309
693826104633737217	3	227
626901072209121282	0	306
638047610973089793	0	363
544282227035869184	1	149
723025600810766336	3	155
692071267189395457	3	2
641443248909754368	0	339
553590459688570880	1	19
691719802499432448	3	103
675065047710892033	0	316
655986243042459648	0	309
688446106943008768	3	155
552806757672964097	1	19
544514564407427072	1	149
614593989203886080	1	299
633961125126668288	0	317
689860942671130624	3	2
649974380416618496	1	312
614648099542204416	1	299
766715993385267201	3	15
682895395077373952	3	179
767459987476054016	3	3
693059995013742592	3	215
553512735192141826	1	19
766752508312166402	3	5
691995324752252930	3	15
649985459389661184	1	312
544512664769396736	1	149
714567472712589312	2	1
724044187113512960	2	46
675005503160901632	0	304
676718762830221312	0	347
650037735579910145	1	312
553586860334010368	1	19
650128194209730561	1	312
692014905239666688	3	5
693869818366287872	3	153
524942470472548352	1	14
661251968078221312	0	315
767698691205410816	3	141
693528374996652032	3	141
682999206290829312	3	233
552811386259386370	1	19
693466724822323200	3	382
666335363099660288	3	66
544515538383564801	1	149
544491151118860289	1	149
613114185505996802	0	349
553589051044151296	1	19
654351281260113920	0	317
724939017410727938	2	118
672424512516964352	0	304
638050997340893184	0	325
612438528803213312	0	300
667487418388488192	1	385
544391533240516608	1	149
553544694765215745	1	19
693648684857323521	3	59
767814876433571840	3	141
525060425184858112	1	14
544399927045283840	1	149
645356735545364480	2	380
652882609219833856	0	317
665379967757324288	0	322
693471161313816576	3	226
672433211604013057	0	304
641430951403343872	2	305
693060960001597440	3	120
672632899921833984	0	304
692748411481780224	3	24
613194145423826944	0	377
544277117039837184	1	149
524931324763992064	1	14
525056576038518785	1	14
677099574855639044	0	347
628681462976528384	1	375
647464349611589632	0	317
614595106906226688	1	299
693135382309896192	3	53
525068915068923904	2	14
672169954016403456	0	304
767092161716350980	3	5
665361505303584774	0	322
693534670428971008	3	154
626770498328895488	2	305
766822417712963584	3	59
620367840902782976	0	305
693013768738115584	3	24
628604055644934144	1	375
648894687542034432	2	309
664000310856310784	0	336
693402634011701248	3	235
644229386149888001	0	333
692797856386777089	3	3
613016993692798977	0	300
544352727971954690	1	149
614645853291155457	1	299
692833140428017664	3	3
723504069814444033	2	46
524923462398513152	1	14
544520042810200064	1	149
673615400655970304	0	332
672632863452299264	0	304
614615157730357248	1	299
661229627734667264	0	315
693265096278163456	3	269
614620298877513729	1	299
690042063958732800	3	24
650046859537448960	1	312
692925396292091905	3	227
614671961801785344	1	299
692884886374318081	3	3
614614133410033664	1	299
714598318333042688	2	1
693906624776245249	3	2
614599815280857088	1	299
641191076716417025	0	352
544290258951892992	1	149
614599587362414592	1	299
662381914842603520	0	315
686666933949837312	3	44
604354747357859842	2	310
544278985249550337	1	149
524995771587108864	1	14
693119705469587456	3	269
692803280238419971	3	244
544289941996326912	1	149
762793077509464064	3	2
761573188543229952	3	2
640967537178472448	1	364
673664899571060736	0	332
663515735231062016	0	355
656880145769197568	0	298
524923676484177920	1	14
765739657908850688	2	90
616421546702336000	1	303
636925368927064064	0	325
552791196247269378	1	19
693857551620968448	3	59
647193820812177408	0	370
553476880339599360	1	19
618804516578680832	0	307
693086478667112448	3	150
667465205258051584	0	381
626739062792032256	0	335
673984270902427650	0	311
674301413040758785	0	344
635632641635667968	0	366
544305540286148609	1	149
693811101146963968	3	132
614624331717545984	1	299
673079581520318464	0	326
614616994499788800	1	299
642432477185867776	0	369
692874200927698945	3	244
524943490887991296	1	14
756690088533393409	2	90
613425834301485056	0	300
682996350909157376	3	191
654336219447472128	2	63
693200309955469312	3	227
524965775036387329	1	14
693476774462820352	3	53
666497286663503872	0	309
693546915892428800	3	15
653250169752977408	0	317
613393657161510913	0	300
743764020679741440	2	177
641666167992647681	3	261
544367462012432384	1	149
693140340367187969	3	3
692623941131722752	3	5
692940257134653441	3	3
544358533819420672	1	149
622891631293935616	0	301
656818921979310081	0	298
623599854661541888	1	299
552793679082311680	1	19
544391176137089024	1	149
525023025792835585	1	14
524932935137628160	1	14
614638036593299456	1	299
766541461189832704	3	24
614595181845839873	1	299
580348081100734464	1	38
673611867181473792	0	332
656202544331517952	0	317
649881917534433280	1	312
674301960787505153	0	344
767203096472719364	3	3
524975705206304769	1	14
692752491482615808	3	5
687537772970684417	3	44
663722803489808384	0	313
691632238035886081	3	24
674080899055546368	0	311
688741019979001856	3	24
600451916414484480	0	357
628336948810268673	1	375
637868242560638980	0	365
544329935943237632	1	149
643225207705075716	0	356
544271362022338560	1	149
693315824132685824	3	273
544374511194632192	1	149
715264793737879553	2	128
652783670370115585	0	309
692083780123783172	3	216
553107921081749504	1	19
779633844680962048	2	386
765859710503378944	3	24
614605997953404929	1	299
656047932093763584	0	317
673872171341447169	0	332
766323684076322816	3	5
649889459836710912	1	312
614610102927147008	1	299
693648675772436480	3	108
731093044460683264	2	118
611039775856812032	0	345
663385747177775105	0	309
